 6.35526 6.67364 5.94364 5.72135 7.16493 6.40606 7.01828 7.41877 6.66617 6.87841 6.12749 6.41717 6.39514 6.01264 6.93274 5.14871 5.32139 7.8461 7.50534 7.23285 6.93748 6.31161 6.45585 7.1292 5.64854 5.68521 6.26725 6.76791 7.9884 6.11399 7.35188
 6.61249 7.61426 6.61215 7.26591 8.7889 7.22891 7.68903 8.09044 7.73252 7.37136 7.09968 7.18586 6.89429 7.91582 7.58914 6.31857 6.64167 7.97509 8.64633 7.94302 7.01246 6.94003 6.4412 8.0549 7.28187 7.15627 6.74 7.89349 7.62545 6.99532 8.90966
 6.81864 7.55415 7.21516 6.63454 7.65164 7.14356 7.80009 6.93659 7.34716 7.5723 7.74185 7.4231 6.69468 6.80178 7.68936 7.09644 6.34728 8.27429 7.88257 7.77482 7.04296 6.16406 6.78642 8.43834 7.77854 6.10906 6.32394 6.85901 7.42344 7.52984 7.66127
 7.81176 8.33202 7.68934 8.00912 8.63215 8.18876 8.53108 8.20136 7.8777 8.06186 8.08983 7.96519 8.81116 8.70597 7.28801 7.437 7.77478 9.52783 9.17991 8.36629 8.53939 6.78645 8.33054 8.83482 7.57065 7.41147 7.50877 8.50456 9.54471 8.22986 9.58088
 7.20231 8.32654 8.30215 8.39471 7.5252 7.61319 7.25133 7.88247 7.80302 8.26499 8.50565 8.22151 7.12352 7.8564 7.36654 7.83686 7.14288 9.17221 9.23437 7.47645 7.03531 7.93114 7.59205 8.57469 7.61443 7.29695 7.40765 6.54826 7.34981 7.60769 8.08113
 4.96066 6.07425 5.21812 5.40277 6.70069 5.65882 6.02852 6.42581 6.59151 6.19643 5.83412 6.83525 6.1427 6.39086 6.34706 5.34368 5.53675 7.55899 6.99728 5.89769 5.92419 5.2961 5.91646 6.57906 5.32943 5.28483 5.45966 5.93114 7.4041 6.82588 6.79558
 7.00033 8.11951 7.27078 8.1117 8.59569 7.6186 7.41388 7.8574 8.30856 6.94978 8.89206 7.86962 7.33668 8.47032 7.86916 6.80405 7.09129 8.96535 8.81324 8.17283 6.98734 6.88874 6.86484 8.51958 7.08271 6.98394 6.95166 7.32037 7.94827 8.02168 8.58065
 6.07056 6.89041 7.00058 7.04036 6.48917 7.22138 7.69821 6.57167 7.03342 5.8744 7.86628 6.05493 6.61207 6.6765 6.92356 5.93667 6.36803 7.56661 7.50546 6.81092 5.53277 5.49251 6.08159 7.12113 6.18995 6.10228 6.5755 6.02562 6.82602 6.46659 6.7917
 8.07929 6.87747 6.0379 6.41156 6.88612 6.86322 7.75815 7.2229 6.13726 5.18611 6.85556 5.92883 6.38293 6.70761 6.10554 6.11751 5.77906 6.97294 7.65238 7.48786 5.39317 6.17304 6.53814 7.71388 6.56509 5.28217 6.58638 6.99006 6.54336 5.99552 7.74258
 6.15775 6.80144 6.26389 6.72982 7.41336 5.91469 7.09719 7.26171 6.38002 6.42056 6.53951 7.07681 6.47503 6.81862 6.63568 6.12785 6.1364 7.82587 8.01882 5.91225 6.19412 6.85831 6.45443 7.45331 6.33874 6.80972 6.86915 7.16836 7.12756 6.76641 8.16557
 5.60922 6.85805 5.70079 6.2564 8.07043 7.09211 7.12548 6.95229 7.68803 6.98552 6.2756 6.82031 6.61038 6.75947 7.32632 4.97129 6.47275 7.31589 7.74831 7.3785 6.5966 5.69023 5.27426 7.89581 6.53648 6.92783 6.71124 6.12076 7.69393 6.65162 6.39272
 6.74191 8.22594 7.88101 7.93135 8.96157 7.5997 8.20086 8.24531 6.81743 8.37868 8.06416 7.73092 7.84314 8.58047 7.45516 7.33288 7.15302 9.30569 9.6956 7.4878 7.7548 7.4816 6.75575 8.3871 7.87341 7.67455 6.56792 7.22217 7.77086 6.41134 8.6506
 7.50158 8.21989 8.07166 7.64113 8.813 8.08023 8.22823 8.25202 7.60875 7.99124 8.04795 8.21685 8.38533 8.17809 7.41397 8.64961 7.49219 9.52054 9.6145 7.32922 7.13917 6.80267 7.44972 8.76156 7.3933 7.68911 7.00472 7.47658 8.17813 7.44632 8.44558
 6.6442 6.6196 6.61483 7.24473 7.29994 7.08735 7.46093 7.16492 6.16546 5.05057 7.09466 5.6307 6.52138 7.11833 5.43557 5.94802 5.88298 7.6766 7.57604 6.06831 5.83498 5.18283 6.36352 7.21961 5.4109 6.10894 6.13115 6.40522 6.98817 6.50181 7.18854
 7.59933 7.29888 7.30796 8.16285 8.33384 8.43175 9.17567 7.59247 7.2653 6.97701 7.94038 6.91348 7.97789 7.89603 6.87785 6.36085 7.36867 8.21473 9.54185 7.63357 6.58986 7.00699 6.39067 8.40355 7.59314 7.74226 7.26699 7.61203 7.69184 6.00092 8.43388
 5.0601 6.5281 5.78741 6.25393 6.99613 5.98619 6.74878 6.4876 6.28599 6.20528 5.89858 6.07254 6.26369 6.56313 5.95595 4.78751 6.10342 6.46731 7.06406 6.52193 6.0232 5.34407 5.49528 6.98819 5.89767 5.78082 5.90647 5.76759 6.38516 5.86434 6.95808
 6.83227 7.0656 7.18776 6.5473 7.98822 6.67966 7.55845 7.07243 7.18952 6.40273 7.5157 6.58594 6.19838 7.66788 6.89729 6.2242 5.59737 7.3974 7.78977 7.58738 6.02791 5.97145 6.24347 8.02395 6.40077 5.76308 6.63582 6.42917 6.7061 6.17946 7.54702
 7.84651 7.53896 6.69507 6.50501 7.09813 7.14533 7.53607 6.98441 7.07942 6.68149 7.63277 6.76334 6.69243 6.11216 7.06937 6.14645 6.54027 7.90077 8.02848 7.48334 6.88554 6.58378 6.64745 7.93085 7.01739 5.85764 6.4456 6.98231 8.10162 7.14404 7.60807
 6.23208 6.21703 6.16628 5.36169 6.28463 6.5922 7.08801 6.03612 6.39974 6.28868 6.51697 6.00639 6.68821 5.52583 5.54067 5.21642 5.0819 7.15474 6.92385 6.41877 6.39366 5.49871 5.20743 7.42785 6.21279 4.90689 5.27659 5.99648 7.17973 5.3885 6.65748
 7.92559 8.01684 7.4878 7.48196 7.44629 7.9463 8.38944 7.86114 7.68819 7.68245 8.42973 7.80336 7.93532 7.10067 7.13855 7.38584 6.1789 8.60159 8.26187 7.61211 6.64722 7.35262 7.37076 9.11795 7.28812 6.72695 7.44766 7.37377 7.9135 7.48929 7.57306
 6.60983 7.36194 7.31273 7.71902 8.12909 7.36705 7.64242 7.85277 7.64152 6.78622 7.14539 7.25003 6.13096 7.70284 7.10645 6.69823 6.87948 7.88185 8.63628 7.51846 6.736 6.52268 6.77569 7.87526 6.75898 7.1745 7.44487 6.74778 7.38277 7.37882 7.97524
 7.31625 7.7421 8.01264 6.9533 8.03652 7.30625 7.61576 7.54997 7.64383 7.75275 7.37988 7.64735 6.70596 7.72876 7.03895 6.0981 6.10453 8.61108 8.51727 7.53411 7.54684 6.55484 6.24295 7.93896 6.82278 6.21501 6.56301 6.13971 8.00182 6.65672 7.47662
 8.1592 8.42153 8.6955 9.11655 9.93462 9.24408 9.58566 8.39089 8.69319 9.1251 8.51443 8.39018 8.42116 9.32323 8.71044 7.18019 7.96364 10.048 10.9645 8.78435 8.61201 7.87685 7.1614 9.64573 8.78308 8.84236 9.46159 8.40474 9.40596 7.71028 9.06414
 7.40563 7.66263 6.67562 7.16196 7.93076 7.1958 7.35229 7.57235 7.14836 8.12233 8.04017 7.54796 7.82586 7.87342 7.31636 6.94576 5.9294 9.3287 9.07355 8.1669 7.70123 7.52083 6.95286 8.7291 7.73667 6.70838 7.06359 7.99559 7.86602 6.76584 8.50185
 6.606 6.65758 7.1292 7.66734 7.69739 7.62367 7.77185 6.80822 8.11578 6.58572 7.16971 6.52161 6.18899 7.7788 6.70687 6.14633 6.14551 7.24105 7.79927 7.82425 6.47604 6.20811 6.30721 7.66445 7.6083 6.65312 7.66143 7.48108 6.51878 6.89457 7.53878
 6.41678 7.43785 6.84747 7.23729 7.51219 7.51365 8.06961 7.81532 7.17501 7.61504 8.10496 7.76156 8.10472 8.03067 7.17173 7.45787 6.64856 9.26478 9.33591 7.10683 6.41021 7.10313 7.37632 8.0939 6.84659 7.20612 6.53887 7.35623 7.9199 6.93771 8.30067
 7.54906 8.08389 7.70546 8.41515 8.27484 7.79646 8.14921 8.3747 8.30628 7.99471 8.37984 8.54315 7.96135 9.00408 7.49936 7.42015 7.2998 9.81975 9.48874 8.28284 8.2149 6.79058 7.36893 8.39737 7.63238 7.73105 6.73717 7.87489 8.29999 8.31819 9.24353
 6.5552 7.11386 6.75828 7.19092 7.64323 6.80061 7.34768 7.10824 7.20814 6.79097 7.14646 7.48157 6.49714 7.48694 6.85888 5.95297 5.43919 7.96168 7.35301 7.04317 5.9029 6.86769 5.81947 8.03332 6.52455 6.46068 6.55502 6.93238 5.90804 6.65889 7.19582
 8.02297 8.14896 8.37889 8.40467 9.95783 8.86045 9.6852 8.98026 9.54095 9.16658 9.90036 9.62132 8.87652 10.097 8.66685 8.44373 7.15873 10.6491 10.54 8.43419 8.32503 8.44249 8.38553 10.3604 8.90207 8.45847 8.47759 9.36607 9.67722 8.94795 9.28896
 7.50631 8.21807 8.52001 7.36352 9.67685 8.79282 8.3827 8.16673 8.79735 8.77571 7.52056 8.17694 7.83252 8.47951 8.20925 6.99567 6.73279 8.7248 8.74817 8.23039 7.09574 6.99707 6.60297 8.69655 6.70852 6.78183 7.70694 7.36886 8.632 7.02168 8.09593
 7.51882 7.76778 6.89761 6.5481 7.8317 7.54847 7.98714 7.88779 7.0471 6.9463 7.85941 6.86597 7.71959 7.3837 7.33865 6.67886 6.56282 8.7882 8.14515 7.83463 7.24538 6.5422 7.10965 8.23591 6.6473 6.84946 6.29591 7.37219 8.68277 6.66775 8.06475
